-508.246155
-428.537750
-353.714661
-291.145508
-246.628845
-205.323196
-173.551346
-174.892899
-137.847244
-130.512604
-121.892403
-113.412949
-107.371651
-100.065849
-91.745453
-78.013603
-65.599854
-42.893902
-30.811951
-28.364050
-22.088551
-18.108950
-13.224550
-12.580950
-8.792650
-8.057350
-5.138800
-4.012850
-0.287100
-504.396057
-409.810455
-336.768311
-278.272797
-225.178696
-163.281906
-106.069298
-64.596153
-48.418499
-30.228951
-29.716999
-27.657200
-26.519751
-22.924450
-20.545000
-17.596849
-15.387100
-16.128851
-14.137050
-15.743750
-15.533950
-13.928750
-10.837850
-10.910350
-9.121650
-12.067450
-9.635850
-8.320400
-7.146950
-7.715450
-6.392050
-5.337900
-4.574100
-4.850600
-4.264700
-3.332300
-6.022400
-4.550400
-5.205200
-6.941300
-3.878150
-3.137850
-3.529350
-3.441750
-1.327000
-1.963800
-1.580050
-5.550500
-1.743150
0.836500
1.412950
2.176050
-1.130900
-3.314550
1.807700
-0.663100
-0.930000
-0.098050
2.151550
1.784550
-0.677050
0.636050
-0.478450
1.034750
-1.250450
0.952050
-2.853150
-0.908900
-1.498650
1.631500
1.369850
2.129450
1.830600
0.025800
0.700950
1.234200
2.617850
1.280950
0.674650
-1.032450
2.108600
3.517200
3.418500
2.960350
3.625350
1.991650
2.771750
2.143800
1.123900
2.431200
2.308700
4.525300
4.055900
0.915650
2.659250
2.727950
5.105650
5.260800
4.477050
4.881650
4.075600
2.628300
2.447000
4.212300
2.456050
2.659800
5.172000
1.641200
4.484450
3.720450
0.090600
2.710350
0.536450
-0.549150
3.325750
4.659900
4.751000
5.874300
3.225750
1.376650
7.087900
5.395550
4.419350
6.801100
5.040000
3.256450
5.483450
7.347000
4.409500
3.349000
6.629200
7.248600
5.393050
6.416000
7.538250
5.242750
1.859550
4.991800
5.844400
3.114050
3.616150
6.301950
6.130050
9.014600
5.763550
9.445200
8.392800
5.131600
5.395850
7.261450
7.939900
7.138750
8.222600
6.288650
1.344850
8.865200
9.519500
7.187650
8.283700
8.782600
6.861150
5.236050
10.006150
10.022850
8.147800
8.869150
8.237200
8.213650
8.275450
8.331800
7.087750
6.255300
10.614650
8.809100
10.280550
9.005250
8.480300
10.605400
11.987300
8.524150
11.132200
7.975250
8.471750
9.706000
11.632250
10.366800
12.257350
11.642250
13.774750
14.749350
10.717550
11.750000
10.768000
12.543950
15.268300
10.612400
16.287050
15.101300
15.210850
12.378600
18.338100
18.179550
17.683800
16.978550
12.923100
13.110300
18.748600
17.531401
16.149651
18.539150
15.273950
13.293650
12.957700
14.872250
15.259650
20.111349
17.500900
20.390650
23.006750
19.699301
23.241650
19.226851
24.427500
20.774700
19.781700
25.364550
18.417999
23.591200
24.209150
25.013300
25.254700
19.464451
25.262199
23.012449
29.014999
27.544901
27.914450
30.826550
30.586250
27.367399
33.282600
30.490650
32.355000
36.244148
35.167500
34.056099
33.817951
32.739948
37.173950
38.068699
36.119148
39.888351
33.510551
39.495098
38.598148
36.872749
39.067501
46.031101
47.185001
41.780449
38.373901
47.709148
42.999950
47.427502
49.259800
54.021351
52.207699
55.656502
60.583950
59.957951
58.287048
59.668449
66.194351
73.123550
65.831848
76.944847
70.781998
77.907700
74.452652
75.563698
71.721848
72.948898
77.510399
84.580101
92.960999
96.688698
86.481697
90.894501
92.440002
92.501099
94.851501
100.580902
94.812149
99.265846
93.423752
102.521004
105.633453
99.981049
108.851646
106.858047
102.330498
115.357300
100.467400
108.052147
109.139153
110.854897
113.253998
121.199448
117.483704
124.091454
116.899399
126.072746
122.206596
126.230850
122.720200
125.068901
130.433243
128.709946
122.508102
127.150749
142.117203
136.996506
139.048203
139.018448
143.218750
141.162354
140.441849
146.091049
144.923492
148.570694
146.724304
161.826202
151.258148
164.732407
156.451752
160.177994
158.399048
168.627502
162.521057
166.785049
162.441849
161.477798
163.513306
170.180756
170.679504
169.800552
176.374557
163.318054
177.965302
175.144150
180.125153
170.689102
181.010605
186.520157
185.529999
185.986343
182.805450
190.704498
180.365143
190.798157
190.340347
186.344254
188.346405
194.368347
193.261993
186.386398
189.230103
197.566498
190.554947
190.806351
198.267654
191.862396
196.180298
203.178452
206.083405
202.580444
208.047745
201.380554
205.831802
203.945251
209.567749
210.310150
204.193253
210.930954
210.948944
210.536255
221.420898
219.368805
226.793304
222.849503
224.979401
222.913300
230.882797
223.062897
227.513107
222.694901
223.874451
232.822296
233.319550
228.960648
237.359543
238.459946
236.073502
233.556900
232.217346
227.656296
239.230103
242.091156
233.529144
242.686096
242.300705
229.652649
245.554657
228.104797
229.369949
235.077896
241.153442
238.906647
236.213043
253.820755
238.536148
238.028748
248.006607
240.488205
243.846756
246.425858
256.403564
248.644043
249.096649
249.266907
245.397202
253.093002
250.245895
253.730545
258.728210
251.478043
253.856750
251.373093
262.587738
256.030548
259.519806
246.432755
235.709854
237.829147
261.058289
251.411545
263.297943
267.187012
261.158112
265.034637
254.770798
248.025406
272.096649
261.447906
266.736053
276.810486
270.130402
278.624847
268.144989
265.230988
283.622253
279.968689
265.772095
266.317139
281.530487
274.327057
259.782959
276.584656
278.952698
283.002289
284.475494
274.680145
285.290955
289.136597
290.397400
281.916412
285.316559
292.031738
293.873260
275.674438
280.510437
296.080811
280.106659
280.610596
281.956909
285.019989
284.235809
287.228699
283.865845
288.781586
285.333954
295.799255
293.297943
278.522491
291.226593
291.949310
282.324890
287.968414
289.697693
279.662994
271.966705
279.624512
273.073090
276.851959
263.295135
293.857697
294.475952
275.585663
285.103760
286.477295
298.193146
282.931458
290.138153
293.099792
290.119507
293.802490
279.638000
279.960907
292.638397
293.540558
296.273865
299.308014
292.795105
299.562988
279.508301
298.154938
289.258606
296.728455
274.556702
293.946960
295.982758
295.579590
292.428955
288.977936
276.476715
276.930939
295.192688
298.420654
301.514557
299.027008
298.073456
303.921356
305.511993
301.808838
299.754059
301.405090
305.779297
301.543091
299.021454
303.723145
297.177094
311.094055
312.171661
313.437958
303.932465
300.388092
303.446198
300.540649
297.045410
308.979645
306.386047
292.075012
314.598938
317.796600
315.247314
314.042999
315.946838
317.871460
309.892487
316.166504
315.496613
306.249146
314.933685
315.870636
318.332947
313.480896
311.184540
304.042450
314.364899
295.649506
305.500610
313.785858
319.823456
315.270660
317.722290
318.373199
310.691010
322.661255
305.052002
316.028046
322.071564
315.937958
320.978149
308.199738
314.201813
323.728455
314.418152
294.979797
312.092438
307.899109
314.630737
306.317535
318.346405
323.221893
322.331055
307.954590
317.749542
312.894653
301.816559
310.975494
311.762787
324.633698
325.178558
320.986359
318.808807
326.037140
318.473785
319.583160
308.198792
318.143036
313.321106
301.491211
316.972046
299.536163
311.450806
309.121490
299.177094
318.145538
322.508636
314.877014
304.036896
310.262756
313.021454
322.136200
319.041107
308.599091
319.221588
316.592346
313.465240
312.127594
311.253906
322.429596
323.727692
302.934814
319.577545
321.609955
326.358612
313.627441
323.947296
316.513794
308.435486
319.574554
314.950897
314.614563
321.466492
319.192200
318.366608
322.965363
310.742889
324.519714
321.512695
317.262360
321.676910
323.706909
332.646210
315.564636
321.372437
320.706604
316.691650
323.061615
325.952545
326.118835
318.798950
308.832550
307.575195
322.440308
327.814301
322.714203
306.518341
319.104736
323.047394
321.357513
322.601837
322.780762
330.898956
312.212738
317.196564
312.648346
315.024506
319.748657
324.345062
323.037354
323.253998
326.793488
316.511292
315.029541
324.355652
327.992035
325.103302
314.567352
320.489807
321.615356
316.097351
314.766663
311.439362
318.879791
323.589050
323.939301
328.173737
311.268555
319.498810
320.345886
321.380890
315.608398
324.126495
317.957886
312.292053
314.499695
318.536743
315.131653
311.443665
321.191040
318.002655
310.844147
294.043457
326.919647
323.082642
331.944092
325.983490
311.024658
329.212494
319.493164
310.887939
309.168213
311.999603
317.041809
316.167297
309.382690
320.918335
319.548065
327.915863
332.350342
325.519653
316.047150
317.368591
317.583099
319.267639
316.511688
317.028107
328.173065
319.756287
309.254761
316.623138
310.821655
322.286163
314.292603
320.800995
321.193115
319.334198
329.787140
329.955597
312.207489
317.401306
319.856140
321.053497
328.839264
328.578186
325.599152
311.313995
323.715607
327.334961
326.815186
324.579987
310.315186
316.608704
321.113098
323.848511
328.161194
330.535461
310.143799
320.441895
323.626892
309.973389
328.277496
329.910400
331.975037
317.000061
320.990997
320.052338
314.365448
319.914398
321.676056
316.650299
322.618195
316.734497
309.855042
321.336090
321.045044
335.435394
317.843353
316.807953
315.592499
322.233246
318.056091
331.892639
321.680237
324.894897
320.303558
317.383911
309.284851
313.718201
325.491638
324.128296
328.939240
329.292389
318.814941
324.204041
322.962708
328.249390
333.325745
326.876007
326.978760
321.528656
330.227844
323.335602
326.456512
314.138885
315.402405
281.497864
313.779694
313.204987
331.352264
332.908508
319.530304
328.367462
325.675262
311.115662
318.119263
325.224091
318.872955
316.332397
323.949799
319.095306
320.914459
318.771912
320.320648
336.071564
325.563812
325.589142
324.609253
320.252014
328.360565
318.905548
323.119537
328.102753
335.051849
325.489502
321.470612
326.688690
330.782501
315.758759
316.364349
326.415253
317.116638
320.068146
311.489685
328.812592
332.792358
334.975037
329.340759
323.224060
321.832489
320.511353
326.363953
306.602905
329.432556
313.269104
320.739044
321.443207
334.628113
333.214844
326.309448
321.917542
319.270691
318.355194
325.626556
326.684509
318.793488
334.089203
318.489288
324.484406
331.180511
332.091644
320.388397
315.573792
325.056000
329.457764
321.704193
331.568237
334.016663
336.488251
319.899658
325.685303
326.846893
320.561859
327.096161
326.110596
331.788361
334.301941
315.218109
321.162262
327.774902
314.515808
331.868652
321.855011
319.183441
337.426697
323.884460
312.443054
323.561890
336.693390
322.854950
327.141998
320.021790
312.775940
329.714844
340.762695
327.949951
323.416901
318.833496
324.956940
313.822144
310.323212
334.581238
331.222992
319.486298
317.705048
327.384064
323.057190
321.982697
311.656860
325.167908
320.860413
320.205688
332.816345
329.442505
324.797943
323.904297
330.799011
323.644745
325.190887
311.133392
332.362946
329.084595
326.100800
314.009003
322.444550
320.101898
332.457855
332.408356
317.640259
337.485352
336.653809
319.089111
323.109497
325.725464
329.065887
318.313141
325.075012
321.074554
021441333666666661652561412321344421666666120631550406444453262660622410363101460120116335612112663154401510333426650614162042223643640114125222665065311403644535225426206661660601401334152333432534664666661511451165422440400660624660315312400