-493.366364
-415.982300
-339.109436
-274.201050
-203.848755
-159.640396
-127.619049
-92.774597
-67.948051
-44.931499
-26.554050
-10.589300
-3.959450
-2.279150
-3.858450
-0.932900
-508.087097
-403.542450
-325.325409
-268.803986
-215.994995
-171.977402
-138.537750
-124.982246
-112.273148
-107.954552
-102.350250
-89.957947
-88.151154
-83.897346
-71.663048
-66.798447
-62.482651
-56.950901
-49.687099
-41.902802
-42.795551
-43.503849
-42.977402
-43.982101
-38.395802
-22.753151
-19.638901
-15.245350
-9.917850
-9.273250
-1.623750
-1.251150
-2.199300
-3.408950
-0.539600
-485.399048
-385.551392
-317.129852
-244.483154
-180.306900
-139.253296
-122.326698
-97.569298
-92.377800
-86.262352
-74.279953
-70.594353
-61.990650
-50.573250
-43.598598
-33.974899
-14.293350
-8.822400
-3.226000
-3.261750
-492.085144
-400.357849
-305.396942
-238.585205
-144.171005
-84.886948
-43.351299
-16.048950
-5.274050
-2.109650
-522.121948
-432.504059
-358.688843
-274.193909
-226.205704
-176.509003
-131.358353
-121.058701
-92.229401
-79.908249
-63.203449
-50.898048
-42.824249
-38.972851
-33.000351
-35.202900
-29.282949
-29.727949
-26.656651
-24.767450
-23.369350
-29.631849
-19.881599
-21.569099
-23.183250
-13.340550
-17.155251
-16.199850
-11.451800
-12.394300
-13.251950
-8.879800
-9.125650
-7.984150
-8.108900
-8.296900
-9.861650
-6.367400
-7.221750
-8.371550
-9.289450
-9.677600
-4.741650
-5.887050
-1.916600
-2.202300
-2.668150
-3.038700
-3.483950
-0.897800
-1.475600
-2.120800
-0.679950
-0.364850
-0.663500
-1.138950
-1.557750
-2.743300
-2.985900
-1.429850
-1.573000
-0.757350
-1.366300
-0.858450
-0.897850
-0.113000
-0.542350
0.121150
-0.632950
-0.982300
0.766200
-0.164650
-2.756450
-1.405600
-0.924900
-0.133300
0.305300
-3.998300
0.232050
-1.585750
-0.553650
-3.336100
-0.891850
-2.183300
-1.106750
0.592900
-1.044250
-5.402750
-0.931050
0.912650
1.066450
0.653150
-2.204900
-1.049500
-2.745500
-1.081300
-2.499600
-1.997800
-4.285850
-1.098550
-1.836050
-5.605800
-2.688250
-3.687450
0.582450
0.304450
0.556450
0.932150
-0.010900
-0.168550
-0.642750
2.313150
3.179950
3.428250
1.723500
3.479650
3.702500
3.024050
4.116000
2.255250
5.052750
4.718100
3.976550
2.978250
6.574000
4.769500
5.557550
5.653000
4.468100
3.547050
5.971900
6.540150
7.476000
10.095050
12.706000
6.426300
8.600650
2.785500
12.427900
9.989350
10.586550
13.338200
14.191350
14.503400
16.305201
14.709400
15.395150
18.276199
16.100651
18.629900
17.734400
16.660299
12.122300
19.153999
17.820749
12.663700
18.628201
17.991850
20.424200
19.593250
19.694950
20.506250
15.993950
16.943600
16.752251
14.020050
12.718400
15.088400
15.489900
13.893050
15.316450
16.479900
16.382351
16.636999
19.755751
18.844601
16.314400
12.400100
19.376751
19.442400
18.544250
19.313950
21.612499
20.240351
22.920050
25.290400
21.020451
24.479549
22.914150
28.709400
32.509201
26.344700
24.166050
35.058250
35.346699
34.129250
37.545849
35.676498
35.695751
33.930450
34.773300
31.501301
28.972151
34.830051
34.824902
30.636200
41.068298
39.605598
45.659851
42.720402
43.896099
44.827999
44.734650
50.069698
51.943150
50.200851
43.697800
60.239449
60.587849
54.572300
49.339500
62.404900
65.597702
52.849548
55.001251
64.405052
67.517052
67.168549
71.060501
69.867599
74.056450
67.875397
65.702454
67.284554
72.782349
76.858749
73.494797
79.845299
71.506500
78.604950
78.298203
82.096947
77.961548
83.139198
84.058998
85.480103
85.997902
78.605400
80.625298
73.489304
82.108200
88.479202
83.964653
74.021248
82.684601
85.127403
97.763802
77.695152
90.901649
88.074753
95.846901
94.428947
99.786301
90.383751
100.054253
109.470703
117.809998
131.852951
130.534256
131.226700
131.110901
133.729004
131.032394
123.942848
126.191902
127.024902
137.006653
122.185249
130.047745
135.724747
122.031548
131.319000
136.004349
141.556000
137.161896
146.009995
139.332001
129.842194
139.720856
142.910248
151.746353
141.438644
147.148056
152.751205
136.741348
145.412292
137.253647
141.701843
162.417801
160.102646
161.342407
167.224854
168.205002
167.546997
157.121857
161.269699
164.441605
156.930954
174.961044
164.189194
157.858246
171.795593
162.349701
181.308151
173.891693
172.689957
171.128555
182.075455
181.875595
181.073196
176.109344
172.260895
175.033600
178.510696
166.916946
187.293457
182.764801
178.202896
181.720444
183.335846
179.487701
179.610153
192.847000
184.646652
188.227005
183.168396
185.899445
189.068451
185.456802
183.412796
195.802353
187.960693
187.699295
184.357498
186.968704
190.138901
179.125854
183.516052
179.728500
180.350357
194.347900
182.281799
192.265198
180.225403
182.172745
186.799347
182.406952
182.368652
197.074905
201.193298
200.124954
192.817352
185.632294
189.233856
199.205246
196.897705
199.701004
193.200043
187.704346
190.763504
178.913696
191.294495
193.042694
197.011902
203.297897
191.442795
193.960754
185.618347
189.320496
182.538956
195.517502
203.539398
192.173355
199.081894
192.030350
194.633652
199.660995
203.324951
199.894547
205.181046
201.771652
223.100296
213.447800
218.907501
226.671646
210.091904
218.640106
225.436157
219.209946
216.215744
209.640747
221.634796
210.990707
225.947998
227.847656
224.224106
222.169647
227.243546
215.052856
227.003906
216.993103
228.928604
223.015045
216.144852
225.750046
208.594147
235.265747
213.801849
242.559799
221.796204
225.464203
224.249893
239.180496
228.819107
235.640152
229.599457
232.355606
237.111954
230.111954
245.312149
231.083801
229.440201
242.253693
250.539444
244.298447
239.932251
234.952194
247.976196
251.901352
246.093307
243.933151
225.202499
234.123398
252.742096
241.651749
236.309204
236.149307
246.599594
232.757797
245.994003
254.902557
253.131851
248.857758
249.557999
245.432693
252.376602
233.648453
252.638153
257.381409
255.170746
263.839600
257.987946
250.841904
255.389008
254.604752
264.168945
252.765350
250.839096
252.012100
258.380859
257.951050
262.787354
255.540955
258.116302
257.465790
271.708008
250.359802
255.670044
265.217957
252.203094
247.743546
251.545151
230.552551
265.758850
264.088837
268.862213
269.641602
269.797852
268.510651
270.466156
275.661102
263.922455
264.728241
262.059052
268.953339
262.694305
282.703491
271.685944
281.670807
278.679413
279.308136
285.424286
259.988800
281.954010
271.372192
267.973236
278.301849
280.456207
292.780701
291.405151
281.400146
300.823761
290.068115
274.734711
293.379089
283.237854
283.741241
282.333099
288.687439
285.816193
284.079346
289.659393
281.587555
275.437012
276.769043
289.746490
290.172363
290.181641
288.170959
280.010742
273.499237
287.719360
261.952911
294.462250
291.262451
309.673340
314.163239
305.289459
308.000092
288.096588
302.873199
297.893097
292.824646
306.801544
306.242096
294.530548
296.986847
309.653503
314.815887
301.435364
302.526489
302.223511
301.270538
306.223206
302.879150
298.221100
305.016357
300.347565
295.555511
303.239899
287.675598
293.195007
310.806000
291.096100
310.569611
295.290039
300.382385
304.073242
318.223297
314.500549
305.727509
303.724213
310.812439
309.312988
301.780792
311.940643
307.168152
320.048309
299.628540
320.471710
310.179504
308.652740
322.843903
312.548004
298.810944
304.423065
312.106506
305.752808
296.725311
309.973663
313.835510
311.804901
311.400604
303.020813
303.344910
317.618561
304.540558
309.336639
307.759186
307.397186
307.265900
303.604248
316.234711
301.791290
291.792389
303.318787
312.614044
315.687500
307.796509
320.206360
333.117706
320.670013
319.369659
328.665741
348.031555
336.100586
331.025940
333.573792
333.035095
347.792297
344.665985
327.765289
330.759094
338.857147
350.839691
372.961548
350.328247
373.048492
392.214203
396.254486
392.781403
389.794464
399.569946
399.804443
398.915314
386.727051
372.584259
391.385345
385.112793
385.292786
383.338013
397.306213
380.157013
383.672302
393.637451
379.128204
383.097809
405.669708
385.858093
382.759888
407.834412
390.958557
381.885010
374.650604
395.008240
381.921387
401.080597
387.503693
382.036194
387.647003
377.005402
377.053314
389.840302
391.196655
403.574951
381.955597
403.310303
404.926636
411.586456
400.605164
410.963989
397.929199
390.370209
383.377441
403.963959
389.960999
364.229401
398.042114
376.160400
384.381836
393.958954
375.422058
399.483337
416.827301
401.452606
412.949554
397.985596
404.460052
412.224609
416.281647
390.411713
395.480988
393.882446
430.497955
412.651245
403.785706
407.265900
410.373108
409.889740
394.741150
404.239685
417.896088
404.539215
410.459961
396.824036
410.554047
401.878998
420.653809
416.209137
399.760345
397.671753
434.660797
417.005554
412.277649
413.311951
409.357086
416.806396
422.462860
420.236542
434.771210
414.248657
423.422089
410.853058
427.171265
439.183838
431.775757
416.405212
410.113007
405.513794
428.052246
420.601898
419.484558
413.626007
437.069641
427.485809
408.858612
433.382294
419.000488
419.644257
427.088654
413.166656
426.830811
418.380096
418.587036
419.450653
450.164215
440.100342
424.730957
415.561737
423.869537
429.794800
428.949554
428.977844
420.738159
436.535309
438.652191
446.477753
438.981598
424.925507
426.506409
436.331848
442.433838
431.534088
425.130890
449.023285
429.099640
430.469788
436.613861
428.306641
434.054993
446.600800
433.806946
444.045593
424.508545
421.965210
426.727600
411.292999
440.449158
439.887085
432.746796
436.115509
441.177795
436.927765
443.117737
448.504150
429.116241
430.455963
437.804688
441.739990
424.550598
445.722565
428.507843
437.945587
437.915802
441.211609
438.661438
446.223938
425.365356
436.554962
431.955536
416.829590
438.091492
451.093597
451.374847
446.043915
437.251465
408.684265
417.870087
432.792542
423.310303
435.233246
443.773102
439.429352
427.154114
436.606201
441.068756
448.909088
441.439056
434.372589
450.805389
438.743958
453.203796
441.293304
436.730499
430.358551
417.757202
419.100800
436.753906
419.943848
431.038544
444.591003
431.201813
433.769165
449.382843
447.096008
421.938110
412.514893
413.687286
401.986145
439.866150
441.842285
445.366211
437.970551
428.752136
436.856995
443.211700
449.791565
444.358093
434.171448
407.612000
428.483551
427.211212
439.836639
403.180939
436.404907
435.390686
443.939514
425.416962
419.280457
427.246094
454.622742
427.840912
431.857635
435.047699
449.226013
426.418793
440.442841
426.643463
432.803406
432.452240
432.741791
433.090698
425.067413
449.249146
430.604950
437.212341
437.792358
409.720612
434.198456
426.453552
446.292664
443.640411
423.078064
428.088257
385.259338
418.121948
419.342010
435.208008
437.626160
441.974304
439.735443
436.047852
436.101105
440.078247
441.750610
428.448761
440.142792
432.168335
438.879303
422.548706
418.715759
436.780090
445.742706
427.836365
440.334991
443.558990
452.371399
438.820404
435.374695
433.202240
428.911438
443.873901
434.142609
429.392609
419.308411
437.173462
413.049591
434.842987