-487.114197
-379.148407
-303.723907
-239.926346
-208.961349
-176.966003
-147.233643
-123.720398
-109.614647
-92.486198
-82.270950
-80.617950
-63.934052
-60.870251
-56.281651
-47.598351
-40.444698
-27.895800
-14.044850
-11.030750
-9.810750
-7.622300
-6.822400
-6.760450
-6.725650
-5.963200
-3.207700
-5.652650
-11.771000
-10.247900
-3.274400
-5.697250
-2.422450
-1.209700
0.352050
-0.615900
0.219800
1.055700
1.222450
-0.026200
-0.745800
0.565350
1.518900
-2.054500
-5.665200
3.735250
1.639250
-0.623400
-0.194600
1.752650
-0.265900
2.015850
3.248850
2.317500
-1.664750
4.284200
4.150700
3.104050
3.950900
6.117650
6.704450
2.057450
3.183950
4.156950
6.541950
5.058800
3.509850
7.975250
3.751050
8.510850
8.793650
8.431050
9.162600
9.852200
5.119500
11.620950
10.570600
12.006100
10.555400
11.184500
10.478200
8.218250
10.804300
9.152650
11.071150
5.128800
8.056600
5.811000
4.835300
12.230100
12.597100
12.750750
7.795550
9.402950
9.790700
8.485050
13.541750
11.903850
9.867950
6.252500
12.023800
7.972350
11.810300
9.929300
9.990800
6.020900
9.730700
9.850800
11.903350
5.762100
9.771700
10.170500
11.516650
9.066800
8.932100
8.131250
-1.562250
13.665250
11.305300
13.850050
14.586500
14.788800
12.187550
10.986350
5.286250
14.877350
14.654050
14.504200
13.186450
-2.799750
-5.900050
8.662000
10.770150
7.025050
12.745750
13.254550
11.845000
14.531100
13.571750
14.791650
14.387750
14.786300
14.387800
14.277350
8.574700
6.980150
12.116100
10.345350
12.574600
12.065350
11.216000
10.107700
5.876400
8.908550
12.646900
11.830450
5.755300
5.158000
10.573900
8.156750
8.769950
14.657600
5.242750
8.482600
13.255200
8.786100
13.871600
9.291550
6.162800
9.858000
9.956150
6.836400
7.957250
7.771800
10.283050
8.565950
14.737800
13.466100
5.643600
13.104250
11.286300
11.480150
10.000950
6.567950
10.578700
8.671250
5.936900
12.732850
7.886400
12.355700
14.252900
8.422150
10.038150
5.257450
8.027250
11.645550
14.264100
11.809550
14.545500
5.528300
12.590350
9.683750
10.013400
13.275050
10.335400
7.962950
9.114550
7.081150
8.839950
6.231750
8.357400
5.552250
13.349450
12.341800
12.818200
7.312250
4.004650
-0.277800
4.510050
14.430650
14.194600
12.486550
13.310900
12.553650
8.727950
12.372150
11.568750
11.271550
3.027800
14.402150
10.550200
11.515600
12.735400
8.265800
10.464400
11.915850
11.097300
12.610350
7.440650
11.789900
13.431050
11.232250
12.131950
10.635400
7.847750
9.282850
9.712200
12.033250
8.312800
7.708150
13.981300
10.766550
10.506200
9.477950
11.675150
8.571050
14.666150
13.133950
7.837700
8.634000
7.825750
11.992600
0.599950
4.698550
7.523200
12.676800
13.978700
14.398850
13.528600
11.798000
14.356050
14.763200
13.214800
11.439650
9.644300
11.270400
4.344750
3.621900
13.665100
9.265750
11.347200
12.511900
12.596250
12.446800
12.316200
8.620750
6.532200
11.553550
13.515900
8.832900
8.815300
11.884000
10.098350
11.818500
9.513800
13.192700
5.923900
10.303400
14.240700
11.157500
10.730100
11.275100
11.192850
11.494850
11.011400
9.113700
4.317200
8.237600
9.880200
12.371700
4.575100
10.063000
11.317350
7.813500
9.848150
8.508000
9.355250
14.822300
14.707350
12.331250
7.136100
11.820050
14.791150
13.188950
14.508900
8.615950
11.797950
11.528050
13.388700
13.515950
14.180950
14.912100
14.885000
12.842500
7.815100
7.549550
5.981900
1.672150
11.177400
14.926150
10.128800
11.063250
7.901800
9.268100
10.936200
12.000500
11.435950
10.288500
12.762150
12.729200
6.874700
12.833000
12.969300
12.182950
13.271850
10.614100
7.593600
7.216000
12.386200
13.720500
12.707500
9.835850
9.151150
11.577950
13.869100
12.227050
12.701200
7.155200
8.546000
10.661600
11.891050
11.361850
8.674150
8.379550
9.627250
8.316200
11.321850
13.564100
11.947000
11.616200
10.382950
12.558100
13.095150
7.534950
11.883500
11.261650
12.652750
12.227150
11.943350
12.128050
8.442100
10.885050
1.942400
9.859600
10.804400
11.551500
13.183450
10.355650
4.348700
7.498100
5.144100
8.447600
4.147000
8.260950
13.006350
9.636900
12.879000
11.159300
6.217200
14.688250
10.928750
10.731450
12.711200
4.507550
7.927500
12.958350
11.138350
9.676850
14.729800
11.782100
14.924100
9.028250
12.428750
10.526500
9.444850
6.151650
11.703150
12.387500
9.588150
11.243350
10.030250
14.814100
9.969750
1.205650
6.232100
10.873250
9.847550
13.354500
9.743450
11.539450
12.471650
12.111800
11.338600
8.443500
9.986650
7.479050
3.530100
8.922600
6.863850
9.594250
9.470200
0.663450
9.877100
12.214050
14.480600
11.007550
7.932500
12.971700
11.729550
12.758400
11.233400
14.852100
10.419000
10.182550
10.482400
9.237450
8.464550
9.169850
14.301150
10.024800
11.339050
6.558550
11.879450
12.243750
12.626800
13.132150
10.898200
7.769300
6.890900
6.191900
13.354850
11.118650
12.573300
13.369000
14.406650
13.548300
13.782650
7.967450
10.250950
11.619150
13.572300
9.066700
11.930900
10.724200
10.913850
11.166000
12.611700
-1.906800
9.173400
4.700800
10.800700
10.201950
10.998650
13.721150
8.505900
7.707550
8.615850
5.388450
10.804900
9.170500
10.947700
9.774500
14.126850
5.708750
12.522400
12.321750
5.894250
7.490600
6.613250
10.225500
10.839150
4.533400
6.100750
11.970450
9.835250
8.547200
6.868600
7.262800
8.183950
13.149900
11.871900
10.225300
11.735800
14.091050
14.159750
9.083450
6.185650
11.803450
10.432650
4.489500
9.437650
9.337300
8.144150
11.409400
11.078350
10.157650
13.947550
11.888800
12.823450
12.263550
9.239400
11.309700
14.101000
13.556250
11.549450
10.321250
5.016150
9.610150
-0.367850
-1.712500
8.947950
9.219500
12.565350
13.927900
11.267750
13.807600
8.835150
14.169500
14.926900
12.887250
13.183900
9.172200
7.001450
13.386850
11.952700
15.069800
13.929250
16.820250
16.636450
23.505051
29.555201
34.210300
32.175800
23.245701
36.430248
31.674150
29.400150
26.365499
26.609949
30.614651
26.494400
31.683800
32.022751
23.247950
29.458500
33.266998
38.716751
36.941898
35.509048
37.728149
32.647701
41.475552
36.179749
32.062302
40.355751
26.910650
42.568199
36.746201
32.519600
40.773998
33.697800
31.164749
33.327648
35.261902
36.352001
34.651951
38.189152
35.339600
35.505699
37.308449
41.195900
33.709999
29.677299
22.614000
35.420849
36.194099
36.938251
35.143650
41.462952
39.109951
39.357800
33.813950
31.165051
26.584200
29.976851
35.226849
29.084850
29.361349
41.542049
38.626801
35.600151
33.973148
23.737749
29.734100
38.531448
31.434450
23.517450
37.154652
27.834900
31.669750
27.126150
32.868999
36.070351
32.694500
33.567749
31.168850
22.737101
28.103701
32.952202
44.090752
34.960751
31.755400
31.080851
33.228901
32.971451
29.385700
36.575500
37.464451
39.015350
36.462601
33.457851
42.972950
44.124401
37.773998
25.918699
43.164150
44.599350
42.928398
33.293152
37.731899
36.007351
31.277349
41.540798
43.416199
44.861000
42.119450
34.331001
30.437901
35.467751
30.716551
40.920300
29.758249
37.880550
29.564051
30.081650
31.665350
43.821350
41.192101
41.873699
37.932999
33.444199
31.994200
36.308800
22.069000
22.840000
40.477001
35.861599
29.438499
35.901501
41.917999
38.510551
30.770651
32.503750
34.528450
40.521549
39.875549
42.924301
36.340199
29.116751
35.664001
33.491402
40.333599
43.638199
40.663502
36.580898
21.477400
36.607899
29.179951
24.235250
36.297550
35.908298
19.919050
44.275650
40.917450
37.091202
38.134899
30.734249
31.603500
34.635300
34.204102
29.754351
28.829149
33.000851
25.070000
42.438751
41.275101
35.598499
43.459400
42.459301
37.285999
34.392551
32.471149
30.667601
33.495949
37.987701
39.012699
36.669651
41.151299
39.900200
25.521049
33.141151
43.239449
41.700401
39.766548
38.484200
32.853649
37.504200
35.962650
30.895000
23.522650
40.194000
31.620850
35.705250
40.540451
36.902699
24.248100
25.791349
41.514999
42.087952
36.196400
36.065750
39.990299
37.235550
31.957300
31.471550
24.202700
28.135450
39.149899
33.802551
35.504749
33.714600
36.777000
35.974400
44.345001
36.715752
43.469452
39.926998
23.236549
35.059448
34.638401
33.826099
29.166000
27.711849
31.829750
40.159801
43.320301
38.832649
40.769749
39.353550
39.100052
35.067150
42.856350
43.702801
42.950748
37.587502
34.729450
37.238449
28.311649
41.325100
41.914051
37.807499
39.692051
30.614149
41.471050
40.118450
41.332401
41.752449
39.922150
37.378502
35.284199
32.949501
29.020550
30.040751
37.061352
42.151051
34.343399
37.826199
36.771500
37.742199
33.909451
43.465649
32.001701
34.147499
35.740650
43.413101
41.071201
37.347149
35.529850
26.954651
34.937248
30.571550
41.377850
38.017448
44.895000
39.350449
37.187351
41.314999
36.906151
33.643200
35.291351
40.425549
38.957050
33.200150
26.294550
32.680149
38.304600
37.738800
31.805599
43.012051
43.676998
39.764801
36.878201
43.811550
33.716900
39.177250
35.463848
37.994598
42.754002
38.248650
34.290199
34.723400
34.058998
38.567451
36.097000
33.707150
42.440849
40.421452
29.972851
40.758049
32.139648
36.015949
41.712601
34.646252
27.756001
39.458149
40.634602
38.697250
39.996799
16.885651
38.645500
40.508499
38.405251
30.203850
34.621052
24.907650
26.487850
40.849098
40.447350
31.282101
40.278801
27.960501
36.311852
33.911652
37.789650
31.953850
38.444901
39.640800
41.125648
38.670448
39.567799
39.507500
40.433701
39.868999
35.168800
41.466049
35.774502
44.285301
38.250648
33.790451
30.460051
33.810150
30.978451
38.975552
28.098801
35.198502
41.464249
38.131802
40.527851
32.792999
33.738251
25.625050
33.972549
34.707001
31.000099
38.949600
32.050800
18.569599
38.119999
34.941601
36.803398
38.842201
31.070351
24.278700
32.028648
32.666550
30.317900
30.463949
34.328201
29.767900
29.603001
39.031151
40.422100
38.543751
31.188749
37.906502
40.778549
42.844101
39.602699
41.050751
41.575901
35.672001
40.387699
33.378201
41.215401
41.977051
38.021252
39.266399
34.225849
41.342499
41.255348
33.777851
41.441448
35.976452
34.480999
44.966000
43.168999
43.092098
43.664749
41.148151
41.518200
39.119301
38.236000
41.822201
32.584850
33.017349
41.991299
35.360451
41.932751
36.346699
660655616124366506250135306165566056602214252530623065551465156344156252530105464154125403222313566053356042536524110225352345303664450432262444641060325243511511443443552660665661522636154423206230356053021060113451441440624606663310442620245